num_channels: [32, 64]
kernel_size: 5
dropout: 0.1
emb_dim: 64
batch_size: 16
learning_rate: 0.0001
best_epoch: 50
best_train_loss: 0.10367741553149547
best_val_loss: 0.10196615397669863
