num_channels: [32, 64]
kernel_size: 5
dropout: 0.1
emb_dim: 64
batch_size: 16
learning_rate: 0.001
best_epoch: 49
best_train_loss: 0.03998394808538372
best_val_loss: 0.03977710519425213
